Col1,Col2,Col3,Col4,Col5,Col6,Col7,Col8,Col9,Col10,Col11,Col12,Col13,Col14,Col15,Col16,Col17,Col18,Col19,Col20,Col21,Col22,Col23,Col24,Col25,Col26,Col27,Col28,Col29,Col30,Col31,Col32,Col33,Col34,Col35,Col36,Col37,Col38,Col39,Col40,Col41,Col42,Col43,Col44,Col45,Col46,Col47,Col48,Col49,Col50
67,73,60,50,18,46,50,16,1,6,14,76,32,30,30,57,57,59,47,97,99,96,39,10,83,89,35,57,38,38,73,93,20,95,82,73,17,4,45,20,12,4,77,28,51,100,50,81,97,77
96,74,60,92,34,39,91,11,7,43,28,64,2,96,79,37,67,33,82,17,95,39,33,97,67,80,40,32,62,59,99,11,93,96,63,38,41,48,57,75,46,39,90,36,97,19,93,68,18,40
60,98,81,85,83,68,34,77,2,7,7,35,9,32,5,75,55,22,47,95,73,78,27,34,6,5,82,84,89,21,11,29,5,59,62,50,55,15,88,64,10,53,18,87,65,49,69,80,96,83
21,28,36,22,31,74,40,65,66,84,13,2,81,28,34,48,60,51,70,60,39,56,25,3,95,9,96,82,77,62,69,29,60,29,28,45,7,49,19,100,97,9,4,18,40,59,1,5,86,24
80,27,20,15,68,50,38,54,54,21,18,36,27,72,83,38,96,85,21,8,53,54,26,55,27,91,61,68,100,92,7,58,20,27,85,95,44,58,89,49,59,86,7,12,82,66,52,93,51,8
35,49,77,100,70,46,13,62,78,73,85,74,24,55,100,46,36,45,37,28,8,92,70,21,91,43,16,42,1,82,17,38,93,78,26,46,90,35,91,67,46,21,35,1,90,10,24,51,41,9
95,54,83,54,58,18,73,47,23,36,75,4,67,18,99,17,24,68,39,93,91,59,14,63,24,7,69,43,22,88,75,15,45,12,9,78,20,51,45,75,7,22,11,68,19,32,84,26,65,46
47,88,72,20,81,17,35,59,17,35,72,55,98,61,68,31,15,37,59,68,70,11,64,24,34,23,27,75,30,14,61,53,72,20,58,36,25,44,15,100,18,63,24,37,69,76,59,33,51,79
22,9,6,57,20,35,27,57,38,50,83,76,41,96,77,28,89,53,11,35,21,89,81,87,85,31,79,87,52,5,54,96,51,71,85,88,36,15,68,3,69,17,5,3,11,2,56,48,55,20
34,39,42,19,5,74,24,62,46,28,59,39,74,58,43,36,7,56,26,36,97,72,89,96,95,61,21,13,43,22,7,63,16,7,10,60,16,30,40,7,16,80,77,38,62,71,95,73,45,80
68,31,73,15,85,26,23,46,22,51,6,93,59,62,18,23,68,94,75,50,13,33,75,28,61,13,22,77,25,75,69,53,95,41,60,89,53,5,13,10,3,29,61,89,71,12,13,33,4,31
38,52,42,69,3,7,79,77,39,24,58,21,82,84,21,44,57,78,4,1,55,5,73,24,28,39,54,88,95,82,85,98,19,20,63,73,88,45,57,61,22,20,11,94,85,78,35,73,78,37
97,6,12,97,47,34,97,87,85,7,16,79,97,79,21,90,19,100,9,6,99,37,32,45,30,42,54,73,63,86,94,1,7,5,64,73,1,43,3,21,78,36,28,8,61,83,38,10,74,11
13,78,26,64,52,68,56,25,38,63,76,26,33,74,52,27,19,15,52,77,47,22,57,81,78,38,56,52,70,38,28,49,34,51,99,96,12,92,4,87,62,81,28,3,86,89,83,90,15,78
65,40,34,89,100,55,19,63,76,69,83,8,85,20,56,80,28,47,92,46,41,60,43,76,38,93,88,42,88,33,40,71,45,16,34,15,5,85,98,55,23,87,90,53,34,44,89,8,62,55
44,14,23,92,38,2,63,45,76,68,77,67,63,26,35,66,77,16,5,80,47,10,91,1,82,61,59,75,77,94,58,83,86,87,69,52,45,24,29,60,76,64,34,59,76,13,86,19,64,67
19,54,58,37,54,10,94,94,30,78,35,9,33,62,50,56,18,18,100,64,63,48,90,53,29,56,60,95,53,4,50,41,91,56,100,39,90,33,16,25,20,30,98,44,5,49,13,46,15,19
94,65,38,38,1,69,55,21,33,71,65,21,81,47,16,17,64,52,82,37,82,85,44,29,65,42,93,5,76,17,80,57,25,85,75,45,85,97,75,87,51,91,52,8,33,97,61,15,81,68
52,56,28,50,67,30,35,48,69,58,24,87,80,80,16,47,73,53,16,71,79,28,61,90,24,74,19,25,37,24,1,94,63,84,37,41,98,27,60,51,60,70,44,25,49,66,57,61,43,71
11,59,2,17,13,89,2,25,87,41,23,12,21,75,45,42,74,72,24,40,5,79,97,68,9,73,8,95,37,21,95,72,43,50,63,80,49,71,74,57,81,36,81,92,18,92,62,92,17,19
56,94,19,20,21,23,14,55,99,28,44,89,43,43,70,99,37,27,33,33,29,39,69,47,6,58,48,87,27,32,70,34,28,54,35,86,5,29,47,14,9,58,11,100,94,14,59,15,33,93
65,31,26,53,56,66,25,17,50,71,95,83,3,39,94,4,2,45,48,82,81,41,29,60,4,99,72,25,26,51,81,17,52,60,83,26,73,21,76,95,99,87,10,41,3,82,3,75,93,80
69,99,7,49,99,37,48,70,47,35,9,82,3,40,71,78,40,43,5,76,13,52,8,37,65,64,22,36,85,96,61,80,74,61,76,82,18,10,81,9,76,10,21,35,34,11,2,82,76,2
47,79,57,36,17,8,27,70,44,95,66,92,2,18,92,38,47,21,16,30,8,19,52,46,70,37,72,53,27,76,9,92,11,70,13,28,40,98,92,34,80,53,6,35,1,19,60,60,29,78
33,19,42,72,80,12,19,14,83,16,14,30,62,16,26,47,43,74,23,6,39,31,45,42,96,55,1,29,72,8,15,77,41,62,69,36,95,92,43,61,10,37,49,6,29,61,76,45,27,91
58,48,57,51,65,13,65,37,66,84,84,28,20,96,87,61,19,66,74,15,11,90,74,89,58,23,21,64,88,42,46,100,11,29,12,26,97,40,18,25,40,16,25,35,28,86,24,77,56,56
1,97,2,69,72,22,46,82,74,7,51,91,100,100,55,30,30,48,48,71,38,90,54,58,36,25,84,25,40,58,35,85,46,55,46,39,95,36,82,90,81,48,2,96,35,53,9,61,38,42
57,30,40,80,26,79,64,82,77,43,7,12,92,1,88,87,37,24,12,67,44,4,58,3,2,84,22,62,10,82,85,74,69,35,90,47,85,57,34,68,57,100,89,29,4,31,58,41,10,44
24,98,1,62,45,45,33,2,55,72,29,58,77,67,59,42,5,3,21,39,31,29,70,71,23,45,38,98,98,80,79,61,62,26,11,30,3,72,54,72,71,42,67,83,32,59,18,15,53,29
60,12,18,29,76,3,77,86,73,44,69,22,51,87,98,36,23,39,26,25,78,30,98,46,32,44,80,26,10,85,61,1,78,49,43,2,86,74,24,29,62,89,28,21,11,61,45,36,31,99
31,79,43,28,53,24,58,98,39,50,94,74,40,92,27,92,58,93,14,45,6,28,40,51,31,39,86,7,46,87,87,39,24,47,24,27,93,91,31,65,64,56,41,56,32,54,31,15,98,63
14,76,71,56,27,50,87,71,19,29,91,11,18,50,22,95,90,18,67,50,32,100,67,76,92,95,55,75,60,76,93,8,24,3,43,4,77,61,55,35,28,36,80,23,2,6,21,42,41,44
94,88,88,30,63,61,37,35,88,4,83,85,59,37,49,19,31,82,37,70,77,8,26,32,4,9,86,29,79,94,93,23,63,73,8,2,58,95,98,62,24,74,32,92,1,12,96,95,70,61
11,32,77,28,71,59,96,78,11,82,66,37,83,45,74,49,88,9,54,91,96,51,100,3,94,72,41,50,71,57,39,95,40,81,97,77,89,50,98,92,66,84,6,95,11,2,59,43,30,53
77,10,38,99,77,45,57,71,73,75,37,89,81,29,100,9,93,26,69,100,9,56,45,87,47,27,18,19,39,30,47,45,4,25,32,53,24,80,10,10,83,40,56,45,46,70,84,51,93,71
18,66,37,67,45,64,31,22,12,64,63,52,91,70,19,6,36,40,8,37,80,87,72,58,36,88,99,31,47,64,20,95,70,80,40,8,81,80,63,33,16,28,28,78,64,3,63,5,86,8
36,21,3,33,73,27,32,82,69,74,20,28,92,52,29,72,37,56,80,3,10,70,5,44,74,34,15,55,48,89,85,80,79,31,59,68,30,12,86,50,49,65,59,9,74,82,62,15,24,31
50,15,58,84,65,25,64,60,90,63,82,39,34,90,26,2,27,43,51,66,1,79,23,81,55,68,71,11,96,77,28,78,65,74,1,2,62,78,77,45,97,41,69,26,24,43,76,78,2,82
53,70,44,6,78,25,31,57,72,38,13,59,39,96,58,75,35,35,55,28,81,37,45,38,46,97,91,93,1,19,77,96,25,40,34,96,74,9,68,83,30,74,63,82,59,11,47,49,56,96
19,90,87,71,34,46,17,87,40,99,60,98,40,86,99,63,32,26,85,50,9,34,6,99,5,35,58,71,81,27,15,68,60,19,77,42,57,49,35,41,9,13,61,41,56,16,49,93,75,59
1,47,4,7,76,65,36,66,31,35,80,1,24,6,31,89,4,93,52,2,20,24,98,56,79,80,33,63,40,95,25,50,27,5,35,95,61,33,18,35,17,39,77,66,78,4,76,12,70,8
2,19,76,59,28,42,56,42,15,21,9,36,42,13,19,83,15,20,6,48,51,31,18,41,45,7,23,81,54,15,17,33,95,75,42,33,78,43,12,24,44,71,58,18,11,32,46,37,75,42
38,15,23,62,89,44,68,17,9,76,70,10,82,96,83,46,53,90,80,53,96,51,82,8,71,65,10,97,7,26,75,78,37,27,93,89,28,7,69,23,30,54,67,5,10,73,7,32,34,63
75,92,80,33,41,65,100,8,25,40,26,96,52,61,7,72,99,27,67,94,23,22,97,25,26,50,22,57,96,83,50,78,68,1,27,47,37,21,51,76,28,17,54,42,20,87,79,19,51,96
78,70,75,77,8,75,72,30,76,21,13,56,97,44,43,62,20,33,83,3,74,81,79,55,8,74,53,41,42,36,72,1,62,72,86,80,59,12,31,23,34,34,54,25,60,21,8,70,13,62
8,13,70,31,84,51,39,11,22,68,1,31,39,39,89,58,84,54,28,68,70,55,6,16,8,18,69,95,47,71,26,72,14,92,25,44,50,97,93,64,1,87,77,19,49,4,16,19,62,28
86,31,66,44,78,69,44,92,85,3,96,43,8,28,81,94,78,4,27,53,35,18,57,8,85,25,1,31,5,17,19,23,54,1,29,60,87,68,96,90,85,42,49,91,25,47,23,96,77,34
54,92,45,81,74,71,27,81,47,67,8,70,34,59,61,63,34,34,43,97,81,29,24,25,5,88,95,25,32,50,26,84,76,22,76,31,85,20,70,84,18,73,93,10,79,68,79,79,26,62
60,46,44,73,19,87,55,58,79,50,22,73,33,57,29,63,12,85,88,26,37,78,40,96,15,71,26,46,66,47,31,57,9,77,56,70,29,65,100,33,63,3,60,88,22,77,50,40,19,4
56,63,86,85,14,64,4,61,57,23,51,59,89,77,81,70,82,37,60,78,35,33,59,71,88,37,94,82,34,77,25,20,26,48,61,33,93,100,100,20,98,32,66,14,88,31,19,79,94,22
